01101110
10000011
11111011
00000000
10010111
00010010
01000000
01010011
11011010
11111111
11011011
00000000
00010111
00000010
11111111
01111011
00000000
11111111
11010011
01111111
11010111
01111111
01111011
11000011
11010010
01000011
00000000
11111110
11111111
11111111
01000011
11011111
11010111
01000000
11010010
11010111
00000000
01111111
01111111
01011011
11111111
11111110
11101110
11101111
00000000
01000000
01000000
01000000
11111111
11011111
11111111
11111110
11111111
01000011
11111111
01000010
01001110
00000000
11111111
11111111
11111111
11111111
11111111
00000000
01000011
11111111
11010111
00010111
01010010
01010010
11111111
11011110
00000000
11010110
11011111
11111111
11010111
01000000
11111110
11101111
01000000
11111110
11101111
11011111
00000000
11111111
11111111
00000000
01111010
11001110
01010110
11111011
01000000
11111110
01000011
00000011
01111111
01000000
01000000
11111111
01000000
11111011
11111111
01111111
11111111
11010111
11111110
11111010